0 000 --- --- --- --- 00000000 00000000 00000000 00000000 00000000 00000000 00000000 00000000 00000000 00000000 00000000 00000000 00000000 00000000 
1 001 000 --- --- --- 00000000 00000000 00000000 00000000 00000000 00000000 00000000 00000000 00000000 00000000 00000000 00000000 00000000 00000000 
2 002 001 000 --- --- 00000000 00000000 00000000 00000000 00000000 00000000 00000000 00000000 00000000 00000000 00000000 00000000 00000000 00000000 
3 003 002 001 000 --- 00000000 00000000 00000000 00000000 00000000 00000000 00000000 00000000 00000000 00000000 00000000 00000000 00000000 00000000 
4 004 003 002 001 000 00000000 00000000 00000000 00000000 00000000 00000000 00000000 00000000 00000000 00000000 00000000 00000000 00000000 00000000 
5 005 004 003 002 001 00000000 00000000 00000000 00000000 00000000 00000000 00000000 00000000 00000000 00000000 00000000 00000000 00000000 00000000 
6 006 005 004 003 002 00000000 00000100 00000000 00000000 00000000 00000000 00000000 00000000 00000000 00000000 00000000 00000000 00000000 00000000 
7 006 005 --- 004 003 00000000 00000100 00000200 00000000 00000000 00000000 00000000 00000000 00000000 00000000 00000000 00000000 00000000 00000000 
8 006 005 --- --- 004 00000000 00000100 00000200 00000010 00000000 00000000 00000000 00000000 00000000 00000000 00000000 00000000 00000000 00000000 
9 006 005 --- --- --- 00000000 00000100 00000200 00000010 00000000 00000000 00000000 00000000 00000000 00000000 00000000 00000000 00000000 00000000 
10 007 006 005 --- --- 00000000 00000100 00000200 00000010 00000000 00000000 00000000 00000000 00000000 00000000 00000000 00000000 00000000 00000000 
11 022 007 006 005 --- 00000000 00000100 00000200 00000010 00000000 00000000 00000000 00000000 00000000 00000000 00000000 00000000 00000000 00000000 
12 023 022 007 006 005 00000000 00000100 00000200 00000010 00000000 00000000 00000000 00000000 00000000 00000000 00000000 00000000 00000000 00000000 
13 --- --- 022 007 006 00000000 00000100 00000200 00000010 00000000 00000000 00000000 00000000 00000000 00000000 00000000 00000000 00000000 00000000 
14 025 024 --- 022 007 00000000 00000100 00000200 00000010 00000000 00000000 00000000 00000000 00000000 00000000 00000000 00000000 00000000 00000000 
15 026 025 024 --- 022 00000000 00000100 00000200 00000010 00000000 00000000 00000000 00000000 00000000 00000000 00000000 00000000 00000000 00000000 
